111111000100000000000
111111000100000000001
111111111100000000002
111111111100000000003
111111222110000000000
111111222110000000002
111111333110000000003
111111444111000000000
111111555111000000002
111111555111000000003
222222000200000000000
222222000200000000001
222222111200000000002
222222222200000000003
222222333220000000000
222222333220000000001
222222444220000000002
222222444220000000003
333333000300000000000
333333000300000000001
333333111300000000002
333333222300000000003
333333222330000000000
333333333330000000001
